0	1	1	1
0	2.23878	4.30343	0.995334
0.1	6.56613	13.5677	4.15028
0.2	16.607	25.864	27.9068
0.3	11.1221	-3.64877	49.6102
0.4	-1.77864	-10.6715	41.5694
0.5	-5.34099	-4.52	40.5146
0.6	-2.83157	0.394485	37.1382
0.7	-0.285671	1.39705	33.2209
0.8	0.711074	1.18653	29.8464
0.9	0.942906	1.05814	26.8429
1	1.04979	1.20431	24.1402
1.1	1.29301	1.6577	21.745
1.2	1.82768	2.57795	19.7291
1.3	2.88663	4.33405	18.3568
1.4	4.86293	7.45032	18.5026
1.5	8.00521	11.4697	22.3944
1.6	10.5656	11.4455	30.9731
1.7	8.71114	4.6305	35.5968
1.8	4.20879	0.019161	33.2393
1.9	1.11884	-0.867393	29.7084
2	-0.115953	-0.824089	26.5976
2.1	-0.553469	-0.863118	23.8429
2.2	-0.832412	-1.151	21.3864
2.3	-1.24514	-1.80451	19.2406
2.4	-2.03182	-3.1215	17.5308
2.5	-3.57541	-5.69301	16.7595
2.6	-6.43753	-10.0692	18.6542
2.7	-10.2793	-13.5568	26.5627
2.8	-10.7348	-8.14715	35.8409
2.9	-6.10546	-0.528298	35.5264
3	-1.57985	1.5713	31.6631
3.1	0.426146	1.55075	28.3416
3.2	1.09145	1.51461	25.5108
3.3	1.44746	1.84266	23.0315
3.4	1.95892	2.65196	20.9436
3.5	2.91568	4.20917	19.4775
3.6	4.65623	6.91273	19.3513
3.7	7.39303	10.4542	22.3068
3.8	9.89709	11.2137	29.4364
3.9	8.93448	5.9052	34.5627
4	5.08878	1.10913	33.2505
4.1	1.95297	-0.217415	29.9436
4.2	0.548114	-0.269477	26.8125
4.3	0.0734043	-0.196039	24.0013
4.4	-0.0851724	-0.196497	21.4639
4.5	-0.178165	-0.280432	19.1706
4.6	-0.306837	-0.481358	17.1012
4.7	-0.557288	-0.913629	15.2478
4.8	-1.08922	-1.8614	13.6481
4.9	-2.26563	-3.99015	12.5463
5	-4.88026	-8.61944	13.1851
5.1	-9.90779	-15.7643	20.4787
5.2	-13.3429	-12.6841	36.6653
5.3	-7.85218	0.521797	39.0529
5.4	-0.852212	3.99092	34.1137
5.5	2.01434	3.32677	30.9353
5.6	2.55033	2.6566	28.4081
5.7	2.55507	2.60166	26.0814
5.8	2.73672	3.10373	24.0491
5.9	3.32931	4.17933	22.5396
6	4.47365	5.93452	22.0012
6.1	6.21157	8.15929	23.2611
6.2	8.01382	9.40193	26.9398
6.3	8.36588	7.55333	31.0565
6.4	6.55804	4.06576	32.0264
6.5	4.1307	2.02009	30.2048
6.6	2.55829	1.5209	27.6021
6.7	1.95784	1.71753	25.0497
6.8	2.00937	2.31421	22.7782
6.9	2.57929	3.42896	20.9683
7	3.7785	5.37781	20.0299
7.1	5.83216	8.33107	21.0019
7.2	8.46371	10.8732	25.5068
7.3	9.55611	8.97193	31.9452
7.4	7.24741	3.7113	33.8467
7.5	3.78355	0.81135	31.4637
7.6	1.62172	0.229233	28.3276
7.7	0.768779	0.307677	25.4039
7.8	0.555167	0.503924	22.7559
7.9	0.630604	0.807938	20.3719
8	0.929882	1.36741	18.2577
8.1	1.57432	2.48577	16.4896
8.2	2.90254	4.77228	15.4191
8.3	5.55924	9.12987	16.4571
8.4	9.85806	14.2897	23.5682
8.5	11.8418	10.5248	35.5698
8.6	7.27239	0.778209	37.0627
8.7	1.72288	-2.29923	32.8861
8.8	-0.833798	-2.21654	29.4656
8.9	-1.60166	-2.02909	26.6698
9	-1.92951	-2.2873	24.2388
9.1	-2.40622	-3.06774	22.2212
9.2	-3.32078	-4.54625	20.8735
9.3	-4.92398	-6.93835	20.8703
9.4	-7.24898	-9.72203	23.5368
9.5	-9.15704	-10.0618	29.1962
9.6	-8.3628	-6.00584	33.2137
9.7	-5.31713	-2.0842	32.3655
9.8	-2.669	-0.740441	29.5147
9.9	-1.38688	-0.638085	26.5705
10	-0.998624	-0.869457	23.867
10.1	-1.06771	-1.29857	21.4438
10.2	-1.47885	-2.08764	19.3485
10.3	-2.36679	-3.60295	17.7614
10.4	-4.10556	-6.45693	17.3381
10.5	-7.17004	-10.8729	20.111
10.6	-10.6201	-12.9415	28.7506
10.7	-9.91613	-6.38324	36.087
10.8	-5.14203	-0.0938037	34.5528
10.9	-1.25092	1.33512	30.8082
11	0.370393	1.28517	27.5894
11.1	0.926231	1.30679	24.7962
11.2	1.269	1.66432	22.3372
11.3	1.78618	2.48767	20.2538
11.4	2.75986	4.08458	18.769
11.5	4.56621	6.93936	18.6253
11.6	7.50146	10.844	21.7747
11.7	10.2718	11.7329	29.688
11.8	9.1367	5.69361	35.2384
11.9	4.87699	0.569068	33.5841
12	1.5601	-0.668712	30.0944
12.1	0.142214	-0.675883	26.931
12.2	-0.349545	-0.666179	24.1243
12.3	-0.597645	-0.850657	21.6095
12.4	-0.904373	-1.31117	19.3752
12.5	-1.47255	-2.26195	17.4747
12.6	-2.60499	-4.18737	16.1678
12.7	-4.84932	-7.89028	16.4807
12.8	-8.69496	-13.0411	21.5511
12.9	-11.7126	-12.279	32.9025
13	-8.62693	-2.89875	37.2681
13.1	-3.01034	1.65485	33.6517
13.2	0.163724	2.006	29.9954
13.3	1.23016	1.81264	27.0354
13.4	1.6204	1.97245	24.4674
13.5	2.04121	2.60639	22.2778
13.6	2.82193	3.88096	20.6412
13.7	4.24565	6.09527	20.0801
13.8	6.53078	9.18474	21.8585
13.9	9.03023	10.9161	27.3179
14	9.21716	7.58069	33.0529
14.1	6.2792	2.61759	33.406
14.2	3.05269	0.540397	30.6003
14.3	1.31506	0.249279	27.5028
14.4	0.693385	0.380917	24.658
14.5	0.582469	0.607489	22.0854
14.6	0.727386	0.980693	19.7775
14.7	1.12324	1.69051	17.7558
14.8	1.95239	3.12233	16.1548
14.9	3.6478	6.0121	15.5514
15	6.89822	11.0517	18.0893
15.1	11.1585	14.4622	27.8822
15.2	10.7627	6.82998	37.4259
15.3	5.15637	-0.871404	35.6292
15.4	0.608074	-2.2951	31.5721
15.5	-1.13422	-2.04658	28.4093
15.6	-1.65674	-2.00622	25.7287
15.7	-1.99881	-2.43194	23.408
15.8	-2.59644	-3.41914	21.5549
15.9	-3.71807	-5.19796	20.5257
16	-5.60708	-7.90709	21.2211
16.1	-8.07014	-10.4099	25.0822
16.2	-9.34762	-9.18872	31.0945
16.3	-7.52013	-4.40444	33.516
16.4	-4.26523	-1.3033	31.5814
16.5	-2.03265	-0.539448	28.5653
16.6	-1.099	-0.593254	25.6683
16.7	-0.878191	-0.858934	23.0352
16.8	-1.02669	-1.32236	20.6843
16.9	-1.50303	-2.18911	18.6675
17	-2.49578	-3.87713	17.2002
17.1	-4.44021	-7.06527	17.0838
17.2	-7.809	-11.7621	20.7596
17.3	-11.105	-12.7409	30.5243
17.4	-9.39537	-4.89312	36.6638
17.5	-4.23324	0.660217	34.1076
17.6	-0.663517	1.57454	30.3627
17.7	0.696326	1.45388	27.2437
17.8	1.17141	1.5336	24.5348
17.9	1.54206	2.00452	22.1721
18	2.16715	3.01921	20.2431
18.1	3.34134	4.9177	19.0846
18.2	5.42672	8.06272	19.7058
18.3	8.4083	11.4052	24.1729
18.4	10.1528	10.0827	31.8779
18.5	7.84928	3.8732	34.7971
18.6	3.8199	0.291921	32.2719
18.7	1.25928	-0.376102	28.9249
18.8	0.247022	-0.329905	25.8962
18.9	-0.0892308	-0.297823	23.1768
19	-0.237469	-0.375987	20.723
19.1	-0.393502	-0.595287	18.5116
19.2	-0.673566	-1.06532	16.5373
19.3	-1.24666	-2.06642	14.8485
19.4	-2.47052	-4.23542	13.7215
19.5	-5.08152	-8.73441	14.4407
19.6	-9.81806	-15.1395	21.5306
19.7	-12.7771	-12.0143	36.0533
19.8	-7.76151	-0.169371	38.3545
19.9	-1.29682	3.306	33.7117
20	1.52509	2.92904	30.3786
20.1	2.20538	2.48351	27.7345
20.2	2.37634	2.5804	25.3882
20.3	2.70622	3.21962	23.4069
20.4	3.45346	4.47532	22.0356
20.5	4.79062	6.46285	21.8156
20.6	6.71714	8.78619	23.7125
20.7	8.43927	9.49525	28.0756
20.8	8.2314	6.75004	31.9061
20.9	5.94174	3.22309	31.9697
21	3.52255	1.59381	29.6935
21.1	2.16592	1.33157	26.9807
21.2	1.73017	1.61244	24.4166
21.3	1.87629	2.25698	22.1593
21.4	2.51802	3.44597	20.3785
21.5	3.81688	5.54782	19.519
21.6	6.04345	8.75131	20.7625
21.7	8.85055	11.3282	25.9332
21.8	9.73909	8.71041	32.7661
21.9	6.95795	3.03356	34.1279
22	3.3141	0.347843	31.3613
22.1	1.22335	-0.0811056	28.1406
22.2	0.434704	0.00063997	25.205
22.3	0.209434	0.105362	22.5538
22.4	0.185484	0.209744	20.1565
22.5	0.257111	0.372347	17.9904
22.6	0.435293	0.691926	16.0416
22.7	0.818977	1.37334	14.3209
22.8	1.65895	2.88732	12.9468
22.9	3.53492	6.26683	12.5555
23	7.50655	12.7842	16.0807
23.1	12.8663	16.506	29.999
23.2	10.7971	4.19133	40.2287
23.3	3.35129	-3.42957	36.0712
23.4	-1.19995	-3.65497	32.1665
23.5	-2.41594	-2.82074	29.4597
23.6	-2.5104	-2.51029	27.0262
23.7	-2.57641	-2.78489	24.8288
23.8	-2.97706	-3.60486	23.0399
23.9	-3.87273	-5.06756	21.9877
24	-5.38258	-7.19783	22.3376
24.1	-7.32198	-9.20187	25.021
24.2	-8.54322	-8.82591	29.5199
24.3	-7.57729	-5.52173	32.1564
24.4	-5.12064	-2.61046	31.246
24.5	-3.06275	-1.55073	28.7766
24.6	-2.06696	-1.51687	26.134
24.7	-1.85976	-1.93291	23.7003
24.8	-2.19058	-2.77037	21.6308
24.9	-3.06759	-4.28162	20.1827
25	-4.70363	-6.80803	20.0376
25.1	-7.22112	-10.0036	22.7144
25.2	-9.50253	-10.7492	29.0496
25.3	-8.77198	-6.19525	33.8561
25.4	-5.35248	-1.69144	32.9492
25.5	-2.38176	-0.251775	29.8669
25.6	-0.975527	-0.14939	26.796
25.7	-0.513683	-0.292256	24.0057
25.8	-0.449629	-0.489583	21.484
25.9	-0.585893	-0.811595	19.2166
26	-0.934002	-1.4322	17.2128
26.1	-1.66645	-2.70752	15.5697
26.2	-3.19673	-5.36364	14.7425
26.3	-6.27437	-10.3664	16.5934
26.4	-10.9073	-15.1381	25.8119
26.5	-11.5816	-8.41945	37.4887
26.6	-5.91906	0.798568	36.6022
26.7	-0.694337	2.71927	32.3253
26.8	1.35028	2.38414	29.1322
26.9	1.90012	2.21649	26.4725
27	2.18495	2.54777	24.1573
27.1	2.70165	3.42969	22.2873
27.2	3.7032	5.0283	21.1832
27.3	5.39204	7.44851	21.6063
27.4	7.62362	9.80992	24.7678
27.5	9.00692	9.2346	30.1214
27.6	7.71893	5.15955	32.9492
27.7	4.80791	1.96121	31.6068
27.8	2.55935	0.976544	28.8144
27.9	1.53917	0.976807	25.9926
28	1.30139	1.30999	23.4107
28.1	1.52417	1.94449	21.1401
28.2	2.18509	3.12426	19.3107
28.3	3.51027	5.30413	18.3394
28.4	5.89168	8.8858	19.5018
28.5	9.1557	12.2043	25.2481
28.6	10.3804	9.3152	33.5202
28.7	7.13449	2.49317	35.0671
28.8	2.91009	-0.42984	31.8728
28.9	0.616807	-0.77009	28.492
29	-0.221741	-0.711979	25.5194
29.1	-0.544132	-0.80664	22.8665
29.2	-0.814578	-1.14867	20.4993
29.3	-1.26458	-1.88234	18.4414
29.4	-2.14238	-3.36508	16.8474
29.5	-3.88442	-6.27867	16.3438
29.6	-7.09376	-11.0857	19.0797
29.7	-10.9826	-13.7664	28.5008
29.8	-10.3278	-6.45876	36.8884
29.9	-5.05518	0.505683	35.0961
30	-0.842316	1.88087	31.1749
30.1	0.822202	1.72771	27.9846
30.2	1.36269	1.73876	25.2549
30.3	1.72559	2.17045	22.8821
30.4	2.32621	3.14632	20.9539
30.5	3.45033	4.94904	19.8004
30.6	5.40687	7.84934	20.3462
30.7	8.13336	10.8546	24.3467
30.8	9.77388	9.84334	31.2337
30.9	7.85188	4.37502	34.2083
31	4.1887	0.855843	32.0911
31.1	1.70145	0.0615196	28.8865
31.2	0.673308	0.0954661	25.8898
31.3	0.368553	0.234015	23.1792
31.4	0.348943	0.405486	20.7298
31.5	0.482283	0.691015	18.5242
31.6	0.799407	1.25285	16.5651
31.7	1.47012	2.43028	14.9277
31.8	2.89919	4.94763	13.9973
31.9	5.87636	9.93793	15.4702
32	10.7512	15.5923	24.3603
32.1	12.1579	9.50701	37.5889
32.2	6.38901	-0.887602	37.3273
32.3	0.64788	-3.13288	32.8609
32.4	-1.59505	-2.68539	29.684
32.5	-2.13056	-2.38782	27.0678
32.6	-2.34155	-2.62324	24.765
32.7	-2.77168	-3.40419	22.8745
32.8	-3.65989	-4.84668	21.6882
32.9	-5.18022	-7.04134	21.8612
33	-7.23542	-9.31402	24.4504
33.1	-8.714	-9.26222	29.2714
33.2	-7.88307	-5.80693	32.4331
33.3	-5.2792	-2.54141	31.6547
33.4	-3.01191	-1.33173	29.0978
33.5	-1.89054	-1.24842	26.3531
33.6	-1.60338	-1.59593	23.815
33.7	-1.83952	-2.30129	21.6034
33.8	-2.56782	-3.59837	19.8979
33.9	-3.99807	-5.89628	19.2107
34	-6.41918	-9.3228	20.9124
34.1	-9.29207	-11.6114	26.8726
34.2	-9.69729	-7.99095	33.6306
34.3	-6.41576	-2.25437	34.0918
34.4	-2.78255	-9.82638e-05	31.0115
34.5	-0.884796	0.26424	27.7803
34.6	-0.199617	0.184045	24.8726
34.7	0.0165	0.14813	22.2508
34.8	0.104416	0.182989	19.8806
34.9	0.188672	0.296092	17.7383
35	0.337042	0.545438	15.8067
35.1	0.644762	1.08929	14.0857
35.2	1.32017	2.31232	12.6448
35.3	2.8508	5.10816	11.8978
35.4	6.25238	11.0098	13.9351
35.5	11.9784	17.3899	25.5146
35.6	12.354	7.71581	40.1124
35.7	5.06966	-2.96699	37.5593
35.8	-0.724287	-4.10083	33.1373
35.9	-2.48873	-3.11563	30.3636
36	-2.62669	-2.55097	27.9146
36.1	-2.56703	-2.62224	25.6312
36.2	-2.79687	-3.23637	23.6697
36.3	-3.48174	-4.44117	22.2913
36.4	-4.74884	-6.33861	22.0119
36.5	-6.58616	-8.56973	23.7288
36.6	-8.27183	-9.36455	27.8084
36.7	-8.19574	-6.9134	31.5883
36.8	-6.08515	-3.49529	31.8707
36.9	-3.72532	-1.7969	29.754
37	-2.34631	-1.4823	27.11
37.1	-1.88702	-1.75689	24.5848
37.2	-2.03217	-2.42354	22.3675
37.3	-2.69425	-3.65056	20.6523
37.4	-4.02266	-5.77667	19.9176
37.5	-6.23797	-8.87543	21.3556
37.6	-8.86292	-11.0446	26.5298
37.7	-9.45166	-8.21119	32.7536
37.8	-6.685	-2.96581	33.7114
37.9	-3.28602	-0.54971	30.9996
38	-1.36154	-0.161882	27.8596
38.1	-0.645713	-0.268731	24.9719
38.2	-0.482021	-0.455955	22.3594
38.3	-0.566801	-0.742665	20.0064
38.4	-0.85572	-1.2754	17.9149
38.5	-1.47416	-2.35119	16.1516
38.6	-2.75966	-4.57999	15.0395
38.7	-5.37444	-8.93033	15.9258
38.8	-9.76285	-14.4355	22.8722
38.9	-12.0939	-11.0728	35.5079
39	-7.51849	-0.784109	37.4382
39.1	-1.71282	2.51872	33.1632
39.2	0.967396	2.39774	29.7334
39.3	1.74351	2.15425	26.9615
39.4	2.0469	2.37744	24.5483
39.5	2.49598	3.1285	22.5432
39.6	3.37578	4.55639	21.2008
39.7	4.91551	6.84268	21.1632
39.8	7.13004	9.48072	23.6486
39.9	8.96453	9.88075	28.9461
40	8.30599	6.17151	32.8708
40.1	5.46092	2.37274	32.2339
40.2	2.88592	0.972222	29.5194
40.3	1.59873	0.84129	26.6314
40.4	1.21177	1.10029	23.9641
40.5	1.31887	1.61184	21.5864
40.6	1.82222	2.55892	19.5815
40.7	2.88273	4.34111	18.2196
40.8	4.8829	7.50708	18.394
40.9	8.07342	11.5879	22.3947
41	10.6416	11.4696	31.1473
41.1	8.68347	4.48314	35.7076
41.2	4.10875	-0.10174	33.2416
41.3	1.02465	-0.94238	29.6942
41.4	-0.192945	-0.890595	26.5898
41.5	-0.627881	-0.943377	23.8448
41.6	-0.921634	-1.26476	21.4029
41.7	-1.37139	-1.98273	19.286
41.8	-2.23055	-3.41736	17.6489
41.9	-3.9	-6.16982	17.0868
42	-6.90204	-10.603	19.5279
42.1	-10.533	-13.2389	27.9704
42.2	-10.24	-7.00484	36.0745
42.3	-5.47677	-0.208339	34.9242
42.4	-1.34631	1.43969	31.1267
42.5	0.408068	1.394	27.8727
42.6	1.00103	1.39702	25.0673
42.7	1.35067	1.75002	22.6033
42.8	1.8719	2.57868	20.5242
42.9	2.85032	4.17715	19.0615
43	4.6475	6.99207	18.9621
43.1	7.51322	10.7354	22.109
43.2	10.1314	11.4547	29.7268
43.3	8.99225	5.66775	34.9684
43.4	4.89704	0.755898	33.3839
43.5	1.69205	-0.479151	29.9674
43.6	0.303539	-0.499992	26.8208
43.7	-0.172812	-0.465873	24.0141
43.8	-0.382154	-0.576279	21.4894
43.9	-0.601383	-0.884347	19.2243
44	-0.992379	-1.53608	17.2306
44.1	-1.77905	-2.892	15.6209
44.2	-3.40645	-5.70047	14.9128
44.3	-6.62708	-10.8421	17.162
44.4	-11.1826	-15.0188	26.9891
44.5	-11.2112	-7.4435	37.7466
44.6	-5.4037	1.06291	36.1625
44.7	-0.49889	2.62739	31.9782
44.8	1.35535	2.29313	28.8319
44.9	1.8646	2.17922	26.1856
45	2.16712	2.55991	23.8889
45.1	2.7231	3.49945	22.0543
45.2	3.78453	5.18239	21.0274
45.3	5.55592	7.69724	21.6309
45.4	7.83707	10.0064	25.1116
45.5	9.07859	9.05328	30.5958
45.6	7.53113	4.76495	33.0762
45.7	4.53819	1.72383	31.4564
45.8	2.36572	0.873506	28.5952
45.9	1.4217	0.91395	25.767
46	1.22055	1.25032	23.1892
46.1	1.45409	1.87758	20.9207
46.2	2.11342	3.0484	19.0835
46.3	3.43585	5.2325	18.0853
46.4	5.83789	8.88079	19.2085
46.5	9.1969	12.3812	25.0367
46.6	10.5247	9.4885	33.6447
46.7	7.19713	2.40207	35.2769
46.8	2.84046	-0.590537	32.0007
46.9	0.495785	-0.912823	28.5932
47	-0.354248	-0.854211	25.6203
47.1	-0.692592	-0.981399	22.976
47.2	-1.00449	-1.39901	20.6307
47.3	-1.54131	-2.27868	18.6315
47.4	-2.58361	-4.0239	17.2088
47.5	-4.59802	-7.30326	17.2212
47.6	-8.0254	-11.9754	21.2093
47.7	-11.1459	-12.4438	31.0951
47.8	-9.13096	-4.44224	36.6248
47.9	-3.98052	0.751005	33.8593
48	-0.572598	1.54	30.1534
48.1	0.705691	1.42119	27.0596
48.2	1.16122	1.51896	24.3654
48.3	1.5358	2.00774	22.0166
48.4	2.17566	3.04805	20.1053
48.5	3.37827	4.99277	18.9818
48.6	5.51253	8.20525	19.6976
48.7	8.53571	11.5345	24.3733
48.8	10.1889	9.94807	32.1651
48.9	7.72303	3.63242	34.8376
49	3.66341	0.174517	32.1856
49.1	1.156	-0.42982	28.831
49.2	0.17927	-0.378043	25.8114
49.3	-0.149776	-0.36209	23.1021
49.4	-0.311724	-0.474077	20.6593
49.5	-0.504706	-0.759519	18.4631
49.6	-0.862223	-1.36349	16.5196
49.7	-1.59548	-2.64215	14.921
49.8	-3.14749	-5.3638	14.1245
49.9	-6.33271	-10.6081	16.0866
50	-11.2063	-15.6373	25.9502
50.1	-11.7193	-8.13235	38.141
50.2	-5.65551	1.34358	36.7728
50.3	-0.331451	3.04425	32.436
50.4	1.63551	2.58063	29.3327
50.5	2.10558	2.35443	26.7362
50.6	2.33684	2.65672	24.4608
50.7	2.81728	3.51073	22.622
50.8	3.77866	5.05143	21.5406
50.9	5.39226	7.3446	21.9359
51	7.49449	9.54234	24.8902
51.1	8.80235	9.05133	29.86
51.2	7.65646	5.32082	32.6022
51.3	4.94591	2.2462	31.4489
51.4	2.78001	1.22771	28.7918
51.5	1.77101	1.2157	26.0425
51.6	1.54948	1.59057	23.5204
51.7	1.82591	2.32534	21.3325
51.8	2.59601	3.67761	19.6656
51.9	4.0928	6.07622	19.0689
52	6.61148	9.60917	21.0141
52.1	9.50088	11.7124	27.3654
52.2	9.64369	7.59881	34.0137
52.3	6.13651	1.89379	34.0409
52.4	2.53143	-0.153734	30.8402
52.5	0.727162	-0.351657	27.6125
52.6	0.0861957	-0.278627	24.7208
52.7	-0.130947	-0.281483	22.1157
52.8	-0.256443	-0.393144	19.7636
52.9	-0.427682	-0.658835	17.6459
53	-0.757348	-1.2238	15.7645
53.1	-1.44773	-2.44229	14.1967
53.2	-2.94255	-5.1027	13.3552
53.3	-6.11011	-10.4498	15.1269
53.4	-11.2607	-16.1959	25.1011
53.5	-12.1484	-8.64415	38.572
53.6	-5.80076	1.69296	37.2865
53.7	-0.115987	3.44918	32.8199
53.8	1.91606	2.8334	29.7865
53.9	2.31972	2.48057	27.2433
54	2.46097	2.69119	24.9767
54.1	2.85087	3.44801	23.1073
54.2	3.70241	4.84585	21.9292
54.3	5.16633	6.95454	22.0691
54.4	7.13637	9.12815	24.5085
54.5	8.57136	9.14103	29.0736
54.6	7.8436	5.92701	32.1805
54.7	5.38381	2.75206	31.5517
54.8	3.17339	1.50908	29.1064
54.9	2.05185	1.40479	26.4196
55	1.76488	1.76739	23.9249
55.1	2.02273	2.51958	21.7681
55.2	2.79965	3.89203	20.1622
55.3	4.29737	6.25834	19.6809
55.4	6.7317	9.55671	21.7355
55.5	9.33913	11.2042	27.7685
55.6	9.28428	7.25069	33.6415
55.7	5.99969	2.10743	33.5454
55.8	2.68773	0.20421	30.5115
55.9	1.00758	-0.0030571	27.365
56	0.418332	0.1079	24.5094
56.1	0.2775	0.237748	21.9283
56.2	0.31519	0.410454	19.5964
56.3	0.480048	0.722621	17.4985
56.4	0.841977	1.35973	15.643
56.5	1.61355	2.72642	14.1317
56.6	3.28422	5.68933	13.4839
56.7	6.7604	11.4166	15.9937
56.8	11.8765	16.1338	27.3915
56.9	11.4593	6.68397	39.1443
57	4.77699	-2.24409	36.532
57.1	-0.301999	-3.32888	32.2981
57.2	-1.97601	-2.70898	29.3579
57.3	-2.29916	-2.45249	26.8408
57.4	-2.46934	-2.75086	24.6137
57.5	-2.92541	-3.60141	22.8179
57.6	-3.86965	-5.11952	21.7839
57.7	-5.44454	-7.33515	22.2133
57.8	-7.4548	-9.38478	25.0946
57.9	-8.65936	-8.84893	29.7986
58	-7.54552	-5.32157	32.3635
58.1	-4.96865	-2.39809	31.2672
58.2	-2.89638	-1.40187	28.6991
58.3	-1.92478	-1.39601	26.0128
58.4	-1.73072	-1.80674	23.5485
58.5	-2.05494	-2.61903	21.4402
58.6	-2.9095	-4.09672	19.9224
58.7	-4.52425	-6.62356	19.646
58.8	-7.08766	-9.99167	22.166
58.9	-9.59091	-11.1243	28.6791
59	-9.04944	-6.51615	34.0552
59.1	-5.5152	-1.63277	33.3032
59.2	-2.34317	-0.0601013	30.1445
59.3	-0.8328	0.0588369	27.0184
59.4	-0.319924	-0.0493759	24.1927
59.5	-0.194784	-0.15232	21.6387
59.6	-0.214066	-0.276166	19.3297
59.7	-0.326868	-0.494551	17.246
59.8	-0.579053	-0.941287	15.381
59.9	-1.12232	-1.9107	13.7751
60	-2.3217	-4.07652	12.6841
60.1	-4.97282	-8.74932	13.3918
60.2	-10.003	-15.7879	20.8545
60.3	-13.2434	-12.3668	36.8078
60.4	-7.70563	0.57539	38.8855
60.5	-0.825937	3.90778	33.9936
60.6	1.97543	3.26442	30.8152
60.7	2.51174	2.63492	28.2786
60.8	2.53921	2.61139	25.9561
60.9	2.74721	3.14154	23.9411
61	3.36918	4.25166	22.4667
61.1	4.54888	6.04685	21.9982
61.2	6.3167	8.27831	23.3839
61.3	8.09214	9.40395	27.183
61.4	8.32634	7.37868	31.2199
61.5	6.42639	3.89812	31.9922
61.6	4.01269	1.9517	30.0793
61.7	2.49512	1.50816	27.4625
61.8	1.93603	1.72802	24.9171
61.9	2.01478	2.34441	22.6608
62	2.61074	3.49026	20.877
62.1	3.84599	5.48854	19.9943
62.2	5.94562	8.48556	21.0936
62.3	8.58066	10.9341	25.7905
62.4	9.53631	8.76595	32.1888
62.5	7.09055	3.49159	33.819
62.6	3.63836	0.731431	31.3323
62.7	1.54478	0.209315	28.1931
62.8	0.73295	0.297452	25.2796
62.9	0.534875	0.491862	22.6417
63	0.613995	0.792026	20.2668
63.1	0.911731	1.34604	18.1596
63.2	1.55138	2.45667	16.3943
63.3	2.87262	4.73535	15.317
63.4	5.52639	9.10284	16.3301
63.5	9.8546	14.3447	23.4376
63.6	11.9016	10.6225	35.5955
63.7	7.3087	0.749122	37.1463
63.8	1.70168	-2.35973	32.942
63.9	-0.875193	-2.26297	29.5228
64	-1.64125	-2.0631	26.7349
64.1	-1.96303	-2.31511	24.3103
64.2	-2.43469	-3.09147	22.299
64.3	-3.34367	-4.56157	20.9585
64.4	-4.93467	-6.9303	20.9582
64.5	-7.2321	-9.66981	23.5961
64.6	-9.10958	-9.99888	29.1649
64.7	-8.333	-6.02115	33.1289
64.8	-5.33668	-2.14732	32.3149
64.9	-2.71624	-0.800694	29.4963
65	-1.44029	-0.694799	26.5678
65.1	-1.05666	-0.935582	23.8753
65.2	-1.13907	-1.38998	21.4657
65.3	-1.57924	-2.22812	19.3964
65.4	-2.52188	-3.82972	17.8738
65.5	-4.34886	-6.79917	17.6277
65.6	-7.48076	-11.1684	20.8055
65.7	-10.6915	-12.5444	29.6189
65.8	-9.52939	-5.69285	36.055
65.9	-4.76571	0.0255713	34.1307
66	-1.14267	1.22574	30.4454
66.1	0.33425	1.17127	27.2663
66.2	0.84867	1.21067	24.49
66.3	1.18191	1.5705	22.0393
66.4	1.69199	2.3845	19.9533
66.5	2.6564	3.97347	18.4447
66.6	4.46587	6.86193	18.2451
66.7	7.47003	10.9418	21.3723
66.8	10.4193	12.0574	29.5978
66.9	9.31161	5.75296	35.5335
67	4.87161	0.370162	33.8185
67.1	1.42187	-0.877392	30.2508
67.2	-0.0321405	-0.866957	27.0729
67.3	-0.539441	-0.878677	24.2707
67.4	-0.824965	-1.13525	21.7729
67.5	-1.21679	-1.74346	19.5844
67.6	-1.95383	-2.97284	17.8143
67.7	-3.39531	-5.3738	16.9046
67.8	-6.08572	-9.53886	18.3862
67.9	-9.8898	-13.3887	25.5225
68	-10.919	-9.03917	35.1807
68.1	-6.67222	-1.12279	35.7805
68.2	-1.97946	1.43124	31.9938
68.3	0.237977	1.50055	28.6046
68.4	0.984025	1.44081	25.7249
68.5	1.34325	1.71865	23.1983
68.6	1.81496	2.44934	21.0446
68.7	2.69104	3.88048	19.4535
68.8	4.30753	6.43041	19.042
68.9	6.96042	10.0507	21.4323
69	9.76442	11.6572	28.2936
69.1	9.4103	6.84433	34.4389
69.2	5.6482	1.42567	33.783
69.3	2.19734	-0.274436	30.478
69.4	0.56946	-0.389429	27.2825
69.5	0.00322279	-0.324626	24.4248
69.6	-0.2014	-0.35777	21.8505
69.7	-0.348599	-0.522206	19.5289
69.8	-0.576991	-0.890272	17.4471
69.9	-1.02785	-1.6672	15.6279
70	-1.97406	-3.33342	14.233
70.1	-3.99479	-6.86566	14.0341
70.2	-7.98007	-13.01	18.1302
70.3	-12.5219	-14.959	31.3099
70.4	-9.99947	-3.64844	39.1134
70.5	-3.22607	2.73017	35.1709
70.6	0.796374	3.03243	31.3381
70.7	1.98634	2.50525	28.5073
70.8	2.24552	2.43598	26.0388
70.9	2.50313	2.90434	23.9001
71	3.105	3.95267	22.271
71.1	4.24931	5.72574	21.573
71.2	6.04651	8.11678	22.6718
71.3	8.05703	9.72577	26.4462
71.4	8.65976	8.00452	31.1116
71.5	6.82694	4.15026	32.4574
71.6	4.1665	1.82073	30.6029
71.7	2.40895	1.23944	27.8784
71.8	1.70841	1.38552	25.2115
71.9	1.67534	1.88157	22.81
72	2.12186	2.81571	20.798
72.1	3.13172	4.51258	19.4626
72.2	4.98595	7.36412	19.6293
72.3	7.78633	10.787	23.1351
72.4	9.96753	10.7231	30.418
72.5	8.47578	5.09028	34.5939
72.6	4.59673	0.848541	32.7786
72.7	1.73481	-0.18773	29.4765
72.8	0.511051	-0.192583	26.3979
72.9	0.109773	-0.113151	23.628
73	-0.0132493	-0.0910509	21.1254
73.1	-0.0671919	-0.118818	18.8617
73.2	-0.125376	-0.201643	16.8145
73.3	-0.232848	-0.385517	14.9655
73.4	-0.461264	-0.794408	13.3064
73.5	-0.974071	-1.73529	11.8694
73.6	-2.16813	-3.95754	10.8948
73.7	-4.96181	-9.04622	11.7417
73.8	-10.5751	-17.1352	20.3379
73.9	-13.8875	-12.1948	38.6647
74	-7.18772	2.20466	39.4229
74.1	0.169024	4.84343	34.3207
74.2	2.71522	3.65126	31.521
74.3	2.89423	2.67567	29.1259
74.4	2.62585	2.4422	26.759
74.5	2.60882	2.79368	24.5941
74.6	3.02116	3.68162	22.849
74.7	3.96601	5.22208	21.8812
74.8	5.54235	7.42	22.4038
74.9	7.50713	9.35163	25.3506
75	8.59479	8.65861	29.9308
75.1	7.40865	5.17843	32.2661
75.2	4.88204	2.39975	31.0961
75.3	2.89488	1.4718	28.5508
75.4	1.97854	1.49161	25.9009
75.5	1.82092	1.93293	23.4775
75.6	2.18622	2.80031	21.4276
75.7	3.10266	4.36506	20.0181
75.8	4.79937	6.9767	19.9708
75.9	7.38659	10.2146	22.8809
76	9.62284	10.7163	29.4535
76.1	8.67163	5.86951	34.0497
76.2	5.13256	1.46213	32.8701
76.3	2.20792	0.150594	29.7254
76.4	0.864487	0.0818975	26.6548
76.5	0.42818	0.21543	23.8721
76.6	0.359109	0.381356	21.3568
76.7	0.463615	0.641644	19.0899
76.8	0.74151	1.14083	17.069
76.9	1.3315	2.17376	15.3494
77	2.5813	4.37144	14.2259
77.1	5.20062	8.82628	15.013
77.2	9.81354	14.8894	22.0779
77.3	12.5149	11.6279	35.8719
77.4	7.65701	0.394619	38.0021
77.5	1.44897	-3.007	33.4974
77.6	-1.31696	-2.73268	30.1217
77.7	-2.03814	-2.37355	27.4284
77.8	-2.2674	-2.52841	25.0625
77.9	-2.65214	-3.22113	23.0847
78	-3.46059	-4.55375	21.7473
78.1	-4.88347	-6.65673	21.6355
78.2	-6.91188	-9.06465	23.7983
78.3	-8.6353	-9.58392	28.4985
78.4	-8.21145	-6.45503	32.274
78.5	-5.71049	-2.87414	32.0093
78.6	-3.26291	-1.37304	29.5542
78.7	-1.96164	-1.18061	26.7801
78.8	-1.56569	-1.47065	24.1871
78.9	-1.71961	-2.09432	21.8999
79	-2.34448	-3.24682	20.0657
79.1	-3.61547	-5.32353	19.096
79.2	-5.85035	-8.62195	20.1573
79.3	-8.83192	-11.6021	25.3152
79.4	-10.0281	-9.22314	32.7734
79.5	-7.23005	-3.08704	34.5601
79.6	-3.32744	-0.120856	31.7232
79.7	-1.06712	0.339629	28.421
79.8	-0.210526	0.274578	25.4462
79.9	0.0700315	0.245558	22.7699
80	0.195502	0.31438	20.353
80.1	0.330424	0.505772	18.1725
80.2	0.574827	0.917811	16.2193
80.3	1.07898	1.80317	14.5257
80.4	2.16776	3.74886	13.3043
80.5	4.54169	7.92279	13.5982
80.6	9.14094	14.6787	19.5311
80.7	13.1131	13.7562	34.6687
80.8	8.7211	0.995686	39.1645
80.9	1.73752	-3.52928	34.423
81	-1.55143	-3.19954	30.98
81.1	-2.33161	-2.60228	28.3414
81.2	-2.4461	-2.56437	25.9731
81.3	-2.67576	-3.07706	23.9219
81.4	-3.29585	-4.1721	22.4041
81.5	-4.46958	-5.96632	21.8741
81.6	-6.25115	-8.2488	23.1901
81.7	-8.09474	-9.50316	27.0019
81.8	-8.42073	-7.53812	31.2141
81.9	-6.52638	-3.94945	32.1236
82	-4.0432	-1.90715	30.2164
82.1	-2.4637	-1.43018	27.5674
82.2	-1.86828	-1.6301	24.9869
82.3	-1.91697	-2.21288	22.688
82.4	-2.47211	-3.30136	20.8364
82.5	-3.6481	-5.22482	19.8202
82.6	-5.69405	-8.21404	20.6596
82.7	-8.41138	-10.9829	25.0919
82.8	-9.70616	-9.30762	31.843
82.9	-7.44908	-3.83506	34.0807
83	-3.8496	-0.72258	31.7082
83.1	-1.56672	-0.0925481	28.5212
83.2	-0.657299	-0.155536	25.5633
83.3	-0.404907	-0.308896	22.8871
83.4	-0.42064	-0.516167	20.4706
83.5	-0.603822	-0.879625	18.3017
83.6	-1.01647	-1.6043	16.3992
83.7	-1.88361	-3.12193	14.9011
83.8	-3.71143	-6.29877	14.4499
83.9	-7.32502	-11.9725	17.611
84	-11.9402	-15.1528	29.2375
84.1	-10.633	-5.43204	38.6436
84.2	-4.23752	2.01808	35.6313
84.3	0.215094	2.85318	31.5948
84.4	1.70061	2.40584	28.6187
84.5	2.07207	2.32054	26.07
84.6	2.3535	2.756	23.8617
84.7	2.94147	3.76586	22.1444
84.8	4.06028	5.51668	21.3109
84.9	5.86441	7.98661	22.2241
85	8.00787	9.89512	25.9411
85.1	8.8581	8.4197	30.9895
85.2	7.09463	4.33948	32.7458
85.3	4.27839	1.74164	30.9435
85.4	2.3589	1.06718	28.1508
85.5	1.56592	1.1707	25.4112
85.6	1.46404	1.59488	22.9288
85.7	1.81778	2.39341	20.7949
85.8	2.67642	3.8692	19.2167
85.9	4.31927	6.48855	18.8333
86	7.04198	10.2186	21.3431
86.1	9.90568	11.7957	28.4884
86.2	9.43725	6.6843	34.6948
86.3	5.51961	1.20064	33.8436
86.4	2.03495	-0.424527	30.4632
86.5	0.428967	-0.511191	27.2607
86.6	-0.129203	-0.462701	24.4087
86.7	-0.354703	-0.548972	21.8445
86.8	-0.561731	-0.821996	19.5415
86.9	-0.916255	-1.40685	17.5046
87	-1.62345	-2.62254	15.8218
87.1	-3.08482	-5.15055	14.9094
87.2	-6.02239	-9.94838	16.4692
87.3	-10.577	-14.9379	24.995
87.4	-11.7316	-9.17475	36.9567
87.5	-6.37519	0.347749	36.805
87.6	-0.998004	2.62598	32.5158
87.7	1.21252	2.35318	29.2524
87.8	1.82613	2.1727	26.5545
87.9	2.12066	2.47917	24.2062
88	2.62302	3.32915	22.2929
88.1	3.59672	4.89022	21.116
88.2	5.2581	7.30002	21.4109
88.3	7.51534	9.78393	24.4244
88.4	9.04846	9.46768	29.8628
88.5	7.89976	5.39856	33.0162
88.6	4.95593	2.00831	31.8125
88.7	2.60136	0.925589	29.0109
88.8	1.50966	0.895474	26.1582
88.9	1.22979	1.20007	23.543
89	1.41052	1.77984	21.229
89.1	2.00526	2.85809	19.3221
89.2	3.21888	4.87487	18.1708
89.3	5.45511	8.32897	18.8906
89.4	8.76122	12.112	23.9727
89.5	10.616	10.3224	32.7391
89.6	7.79165	3.17328	35.4806
89.7	3.32432	-0.403368	32.4622
89.8	0.708467	-0.898407	29.0008
89.9	-0.269676	-0.836206	25.978
90	-0.636929	-0.927718	23.2925
90.1	-0.931315	-1.29198	20.9042
90.2	-1.41491	-2.07678	18.8451
90.3	-2.34963	-3.6434	17.2982
90.4	-4.17095	-6.64205	16.9641
90.5	-7.39788	-11.2879	20.0673
90.6	-10.9264	-13.1234	29.3896
90.7	-9.83667	-5.81117	36.5635
90.8	-4.7582	0.377043	34.5279
90.9	-0.904935	1.57762	30.7289
91	0.621984	1.47081	27.5548
91.1	1.14173	1.51509	24.8099
91.2	1.50316	1.94162	22.4107
91.3	2.09007	2.88944	20.4293
91.4	3.19297	4.6776	19.1652
91.5	5.17014	7.69354	19.5293
91.6	8.09928	11.1633	23.5149
91.7	10.1373	10.536	31.1695
91.8	8.22427	4.47052	34.825
91.9	4.19189	0.488751	32.6
92	1.44212	-0.352358	29.2441
92.1	0.317644	-0.32583	26.1819
92.2	-0.0562694	-0.281702	23.4339
92.3	-0.208331	-0.341575	20.9544
92.4	-0.35067	-0.530483	18.718
92.5	-0.59692	-0.939866	16.7153
92.6	-1.09699	-1.81148	14.9784
92.7	-2.16371	-3.70469	13.7135
92.8	-4.46262	-7.72297	13.9097
92.9	-8.89139	-14.2505	19.4158
93	-12.9223	-13.9185	33.9308
93.1	-8.96671	-1.61681	39.0499
93.2	-2.10372	3.25235	34.4886
93.3	1.31362	3.08563	30.943
93.4	2.1949	2.54284	28.2436
93.5	2.36688	2.52796	25.8492
93.6	2.6293	3.05762	23.7873
93.7	3.27443	4.17706	22.269
93.8	4.47916	6.01377	21.7587
93.9	6.30503	8.35027	23.1473
94	8.18131	9.59435	27.1015
94.1	8.46194	7.49107	31.3843
94.2	6.47328	3.81484	32.2024
94.3	3.94371	1.79488	30.2043
94.4	2.36814	1.34684	27.5133
94.5	1.78389	1.55223	24.9102
94.6	1.83336	2.12374	22.5897
94.7	2.37725	3.18997	20.7048
94.8	3.53394	5.09155	19.6247
94.9	5.57303	8.11035	20.3523
95	8.36366	11.076	24.7196
95.1	9.83851	9.60791	31.7484
95.2	7.6277	3.9422	34.2936
95.3	3.90374	0.634862	31.9261
95.4	1.51118	-0.0355967	28.6918
95.5	0.552593	0.016283	25.7052
95.6	0.267403	0.133231	23.0076
95.7	0.231638	0.256013	20.5685
95.8	0.313174	0.446657	18.3661
95.9	0.520128	0.817885	16.3889
96	0.963539	1.60175	14.6582
96.1	1.92449	3.32148	13.3364
96.2	4.03353	7.06473	13.2429
96.3	8.29303	13.6942	17.8457
96.4	13.0166	15.2095	32.388
96.5	9.77641	2.57786	39.667
96.6	2.57556	-3.39437	35.1671
96.7	-1.30591	-3.34159	31.4903
96.8	-2.30752	-2.66446	28.7936
96.9	-2.43623	-2.52205	26.3825
97	-2.60932	-2.93804	24.261
97.1	-3.14283	-3.91881	22.62
97.2	-4.20453	-5.58222	21.856
97.3	-5.88843	-7.8386	22.7551
97.4	-7.81739	-9.47801	26.15
97.5	-8.54814	-8.14181	30.6209
97.6	-6.98514	-4.54273	32.2467
97.7	-4.4515	-2.12864	30.6708
97.8	-2.66566	-1.44252	28.0608
97.9	-1.91569	-1.55776	25.4431
98	-1.86386	-2.06825	23.0803
98.1	-2.32266	-3.04122	21.1253
98.2	-3.36461	-4.77955	19.8997
98.3	-5.23468	-7.58984	20.2665
98.4	-7.91389	-10.6643	23.9313
98.5	-9.73209	-10.1038	30.7276
98.6	-8.08945	-4.80218	34.1616
98.7	-4.46347	-1.04182	32.2965
98.8	-1.86128	-0.112823	29.1122
98.9	-0.751828	-0.122556	26.0988
99	-0.416467	-0.267533	23.3707
99.1	-0.393345	-0.45461	20.9059
99.2	-0.539096	-0.767853	18.6887
99.3	-0.886379	-1.38237	16.7273
99.4	-1.61804	-2.66258	15.1154
99.5	-3.16424	-5.36699	14.3107
99.6	-6.31892	-10.5409	16.2435
99.7	-11.1198	-15.4875	25.9192
99.8	-11.6768	-8.21233	37.9501
99.9	-5.73063	1.18441	36.7196
